<?xml version="1.0"?>
<opencv_storage>
<boson_realsense_Thermal_intrinsic type_id="opencv-matrix">
  <rows>3</rows>
  <cols>3</cols>
  <dt>d</dt>
  <data>
    7.7200816618367082e+02 0. 3.1392011537061302e+02 0.
    7.2569478429995183e+02 2.2514205885609130e+02 0. 0. 1.</data></boson_realsense_Thermal_intrinsic>
</opencv_storage>
