<?xml version="1.0"?>
<opencv_storage>
<boson_realsense_Ralative_rotation_matrix type_id="opencv-matrix">
  <rows>3</rows>
  <cols>3</cols>
  <dt>d</dt>
  <data>
    9.9982389946707351e-01 8.4507675451358285e-03
    -1.6755732820538986e-02 -8.9804374035853483e-03
    9.9945415568060270e-01 -3.1792175716893384e-02
    1.6477918512223980e-02 3.1937050907552805e-02 9.9935404286010310e-01</data></boson_realsense_Ralative_rotation_matrix>
</opencv_storage>
